00000000000000000000000000000000
00000000000100000000000010010011
00000000001000000000000100010011
00000000001100000000000110010011
00000000010000000000001000010011
01111111111100000000001010010011
00000000010100000010000000100011
00000000010100000001000100100011
00000000010100000000000010100011
00000000010100000000000010100011
00000000010000000000001000100011
00000000010000000000001010100011
00000000010000000001001100100011
00000000000100000000001100100011
00000000001100000010010000100011
00000000000000000000001100010011
00000000000000000000001110010011
00000000000000000000010000010011
00000000000000000000001100000011
00000000001000000001001110000011
00000000000000000010010000000011
00000000000000000000010010010011
00000000000000000000010100010011
00000000000000000000010110010011
00000000000000000100010010000011
00000000001000000101010100000011
00000000000000000101010110000011

