00000000000000000000000000000000
00000000000100000000000010010011
01000000001000000000010000010011
10010100000001101000000100100010
00000000000000000000000100010011
11000010001000101000000110100010
00000011000100110100001010010010
10010011000000100000001001000000
00000001111100000000010010010011
00000000000000000000010100010011
00000000000100000000010110010011
10001000101000101100000100010001
10001000101000101110000110010001
10001000101000101100000110010001
10001001001000101110000100010001
10010100000001101000000100000010
